Parsing=0.00162
Instantiation=0.00808
Fluent_Copying=0.00097
Init_And_Goal_Copying=1.7e-05
Operators_Copying=0.00163
