Parsing=0.000911
Instantiation=0.00452
Fluent_Copying=0.000638
Init_And_Goal_Copying=1e-05
Operators_Copying=0.00112
