Parsing=0.000946
Instantiation=0.00541
Fluent_Copying=0.0006
Init_And_Goal_Copying=1.1e-05
Operators_Copying=0.00104
