Parsing=0.000565
Instantiation=0.00277
Fluent_Copying=0.000339
Init_And_Goal_Copying=6e-06
Operators_Copying=0.000587
