Parsing=0.000567
Instantiation=0.00279
Fluent_Copying=0.000327
Init_And_Goal_Copying=6e-06
Operators_Copying=0.00058
