Parsing=0.000857
Instantiation=0.00422
Fluent_Copying=0.000401
Init_And_Goal_Copying=7e-06
Operators_Copying=0.000699
