Parsing=0.000577
Instantiation=0.00294
Fluent_Copying=0.000369
Init_And_Goal_Copying=7e-06
Operators_Copying=0.000621
