Parsing=0.000858
Instantiation=0.0064
Fluent_Copying=0.000425
Init_And_Goal_Copying=1.1e-05
Operators_Copying=0.00113
