Parsing=0.00106
Instantiation=0.00666
Fluent_Copying=0.000652
Init_And_Goal_Copying=1e-05
Operators_Copying=0.00119
