Parsing=0.00129
Instantiation=0.00935
Fluent_Copying=0.000491
Init_And_Goal_Copying=1.2e-05
Operators_Copying=0.00104
