Parsing=0.000718
Instantiation=0.00372
Fluent_Copying=0.00043
Init_And_Goal_Copying=1e-05
Operators_Copying=0.000946
