Parsing=0.000919
Instantiation=0.00452
Fluent_Copying=0.000409
Init_And_Goal_Copying=8e-06
Operators_Copying=0.000736
