Parsing=0.000511
Instantiation=0.00277
Fluent_Copying=0.000394
Init_And_Goal_Copying=7e-06
Operators_Copying=0.000649
