Parsing=0.000575
Instantiation=0.00339
Fluent_Copying=0.000495
Init_And_Goal_Copying=1e-05
Operators_Copying=0.000876
