Parsing=0.000656
Instantiation=0.00334
Fluent_Copying=0.000445
Init_And_Goal_Copying=7e-06
Operators_Copying=0.000727
