Parsing=0.000553
Instantiation=0.00307
Fluent_Copying=0.000383
Init_And_Goal_Copying=7e-06
Operators_Copying=0.000684
